lang	ct	n	overview	intro_raw	info_raw	images_raw	pet_raw	setting	google_place_id	ldong_regn_cd	image_url
en	75	218	218	218	123	177	0	117	214	218	164
en	76	2610	2607	2596	1474	1794	0	1735	2528	2608	1582
en	78	468	468	462	196	374	0	435	459	468	351
en	79	11070	11069	11067	15	1377	0	0	0	11070	11050
en	80	207	0	0	0	0	0	0	0	207	183
en	82	433	432	429	84	207	0	0	0	433	329
en	85	262	0	0	0	0	0	0	0	262	222
ko	12	12629	12613	12600	11605	11545	759	12593	12473	12628	11633
ko	14	2726	2721	2717	1220	2570	25	2725	2719	2726	2561
ko	15	897	0	0	0	0	0	0	0	897	891
ko	25	1000	0	0	0	0	0	0	0	35	29
ko	28	3789	3781	1924	1890	3356	79	3785	3773	3789	3452
ko	32	2925	6	2	0	6	1	4	6	2925	1767
ko	38	12237	12228	12228	54	2419	8647	0	9147	12237	12115
ko	39	13496	13441	13451	6871	9514	72	0	0	13495	9528
