lang	ct	n	overview	intro_raw	info_raw	images_raw	pet_raw	setting	google_place_id	ldong_regn_cd	image_url
en	-	2	2	0	0	2	0	0	2	0	1
en	75	218	218	218	123	177	0	117	214	218	164
en	76	2608	2605	2596	1474	1792	0	1735	2526	2606	1581
en	78	468	468	462	196	374	0	435	459	468	351
en	79	11070	11069	11067	15	1377	0	0	0	11070	11050
en	82	433	432	429	84	207	0	0	0	433	329
ko	-	2	2	0	0	2	0	0	2	1	2
ko	12	12633	12617	12602	11605	11549	760	12597	12477	12632	11637
ko	14	2726	2721	2717	1220	2570	25	2725	2719	2726	2561
ko	28	3789	3781	1924	1890	3356	79	3785	3773	3789	3452
ko	38	12237	12228	12228	54	2419	8647	0	9147	12237	12115
ko	39	13496	13441	13451	6871	9514	72	0	0	13495	9528
